(1, 1298.45, -797.984, 84.1406, 0, 50000000, 5),
(2, 1496.97, -687.892, 95.5633, 0, 30000000, 5),
(3, 1442.56, -628.832, 95.7186, 0, 16000000, 4),
(4, 1527.62, -772.785, 80.5781, 0, 1500000, 2),
(5, 1273.95, 2522.47, 10.8203, 0, 1500000, 2),
(6, 1095.02, -647.915, 113.648, 0, 2500000, 3),
(7, 1045.17, -642.935, 120.117, 0, 30000000, 5),
(8, 980.496, -677.258, 121.976, 0, 30000000, 5),
(9, 946.368, -710.668, 122.62, 0, 16000000, 4),
(10, 897.843, -677.238, 116.89, 0, 5000000, 4),
(11, 867.508, -717.584, 105.68, 0, 30000000, 5),
(12, 848.033, -745.552, 94.9693, 0, 16000000, 4),
(13, 808.282, -759.446, 76.5314, 0, 30000000, 5),
(14, 835.91, -894.807, 68.7689, 0, 5000000, 4),
(15, 827.796, -857.991, 70.3308, 0, 1500000, 2),
(16, 923.932, -853.464, 93.4565, 0, 1500000, 2),
(17, 937.877, -848.711, 93.5772, 0, 2500000, 3),
(18, 989.712, -828.705, 95.4686, 0, 16000000, 4),
(19, 1034.83, -813.175, 101.852, 0, 2500000, 3),
(20, 977.48, -771.719, 112.203, 0, 2500000, 3),
(21, 1094.07, -807.115, 107.418, 0, 16000000, 4),
(22, 1112.64, -741.951, 100.133, 0, 2500000, 3),
(23, 1535.04, -800.182, 72.8495, 0, 1500000, 2),
(24, 1540.47, -851.257, 64.3361, 0, 1500000, 2),
(25, 1468.54, -906.185, 54.8359, 0, 2500000, 3),
(26, 1421.93, -886.231, 50.6864, 0, 1500000, 2),
(27, 1410.96, -920.839, 38.4219, 0, 2500000, 3),
(28, 1440.62, -926.129, 39.6477, 0, 2500000, 3),
(29, 142.578, -1470.33, 25.2109, 0, 2500000, 3),
(30, 227.993, -1405.46, 51.6094, 0, 2500000, 3),
(31, 189.424, -1308.17, 70.2448, 0, 30000000, 5),
(32, 254.406, -1367.17, 53.1094, 0, 30000000, 5),
(33, 298.819, -1338.53, 53.4415, 0, 30000000, 5),
(34, 251.454, -1220.2, 76.1024, 0, 16000000, 5),
(35, 219.203, -1249.83, 78.3366, 0, 30000000, 5),
(36, 355.037, -1281.18, 53.7036, 0, 500000, 0),
(37, 398.141, -1271.38, 50.0198, 0, 2500000, 3),
(38, 552.899, -1200.29, 44.8315, 0, 16000000, 4),
(39, 645.999, -1117.42, 44.207, 0, 16000000, 4),
(40, 700.373, -1060.14, 49.4217, 0, 16000000, 4),
(41, 724.778, -999.421, 52.7344, 0, 30000000, 5),
(42, 1325.95, -1067.7, 31.5547, 0, 2500000, 3),
(43, 1326.26, -1090.7, 27.9766, 0, 2500000, 3),
(44, 1285.26, -1090.17, 28.2578, 0, 1500000, 2),
(45, 1285.26, -1067.27, 31.6789, 0, 1500000, 2),
(46, 1242.27, -1099.67, 27.9766, 0, 2500000, 3),
(47, 1241.95, -1076.27, 31.5547, 0, 1500000, 2),
(48, 1183.47, -1075.91, 31.6789, 0, 1500000, 2),
(49, 1183.48, -1099.04, 28.2578, 0, 1500000, 2),
(50, 1142.12, -1093.19, 28.1875, 0, 2500000, 3),
(51, 1141.81, -1069.76, 31.7656, 0, 1500000, 2),
(52, 1103.4, -1069.26, 31.8899, 0, 2500000, 3),
(53, 1103.4, -1092.53, 28.4688, 0, 1500000, 2),
(54, 1118.11, -1021.67, 34.9922, 0, 2500000, 3),
(55, 1128.01, -1021.56, 34.9922, 0, 1500000, 2),
(56, 1051.13, -1059.03, 34.7966, 0, 2500000, 3),
(57, 993.66, -1059.03, 33.6995, 0, 1500000, 2),
(58, 985.867, -1094.39, 27.6041, 0, 1500000, 2),
(59, 1059.34, -1105.14, 28.0451, 0, 1500000, 2),
(60, 725.558, -1451.04, 17.6953, 0, 30000000, 5),
(61, 813.536, -1456.84, 14.1641, 0, 2500000, 3),
(62, 822.427, -1505.24, 14.3946, 0, 2500000, 3),
(63, 841.207, -1471.41, 14.2882, 0, 2500000, 3),
(64, 852.265, -1423.09, 14.1423, 0, 2500000, 3),
(65, 791.04, -1661.21, 13.4853, 0, 350000, 1),
(66, 794.812, -1692.09, 14.4633, 0, 350000, 1),
(67, 793.977, -1707.59, 14.0382, 0, 1500000, 2),
(68, 797.237, -1729.31, 13.5469, 0, 1500000, 2),
(69, 791.457, -1753.21, 13.4606, 0, 2500000, 3),
(70, 769.228, -1746.08, 13.0773, 0, 2500000, 3),
(71, 769.226, -1696.63, 5.15542, 0, 350000, 1),
(72, 768.079, -1655.79, 5.60938, 0, 350000, 1),
(73, 766.923, -1605.79, 13.8039, 0, 350000, 1),
(74, 692.916, -1602.77, 15.0469, 0, 350000, 1),
(75, 653.244, -1619.78, 15, 0, 350000, 1),
(76, 657.222, -1652.67, 15.4062, 0, 500000, 1),
(77, 652.663, -1694.02, 14.5503, 0, 350000, 1),
(78, 653.593, -1714.01, 14.7648, 0, 350000, 1),
(79, 902.838, -1815.45, 13.3029, 0, 1500000, 2),
(80, 914.408, -1816.72, 13.3081, 0, 1500000, 2),
(81, 926.01, -1818.01, 13.3247, 0, 1500000, 2),
(82, 960.926, -1824.06, 13.3267, 0, 1500000, 2),
(83, 972.526, -1826.78, 13.3335, 0, 1500000, 2),
(84, 983.83, -1829.56, 13.3297, 0, 500000, 2),
(85, 315.942, -1769.43, 4.6234, 0, 2500000, 3),
(86, 167.765, -1758.91, 6.79688, 0, 2500000, 3),
(87, 1804.22, -2124.9, 13.9424, 0, 350000, 1),
(88, 1801.95, -2098.94, 14.021, 0, 500000, 0),
(89, 1781.48, -2101.27, 14.0566, 0, 500000, 0),
(90, 1782.03, -2126.51, 14.0679, 0, 350000, 1),
(91, 1762.41, -2101.98, 13.857, 0, 500000, 0),
(92, 1761.18, -2125.45, 14.0566, 0, 500000, 0),
(93, 1734.79, -2130.36, 14.021, 0, 500000, 0),
(94, 1734.08, -2097.98, 14.0366, 0, 500000, 0),
(95, 1711.68, -2101.23, 14.021, 0, 500000, 0),
(96, 1715.15, -2125.45, 14.0566, 0, 500000, 0),
(97, 1695.57, -2125.83, 13.8101, 0, 500000, 0),
(98, 1684.82, -2098.15, 13.8343, 0, 350000, 0),
(99, 1673.66, -2122.44, 14.146, 0, 500000, 0),
(100, 1851.74, -2134.84, 15.3882, 0, 500000, 0),
(101, 1872.49, -2132.9, 15.482, 0, 350000, 1),
(102, 1894.24, -2133.2, 15.4663, 0, 350000, 1),
(103, 1851.78, -2070.46, 15.4812, 0, 500000, 0),
(104, 1873.56, -2070.75, 15.4971, 0, 350000, 1),
(105, 1895.49, -2068.91, 15.6689, 0, 1500000, 2),
(106, 1938.54, -1911.32, 15.2568, 0, 700000, 1),
(107, 1913.42, -1911.9, 15.2568, 0, 350000, 1),
(108, 1891.91, -1914.39, 15.2568, 0, 350000, 1),
(109, 1872.2, -1911.79, 15.2568, 0, 350000, 1),
(110, 1854.02, -1914.26, 15.2568, 0, 500000, 0),
(111, 1969.3, -1705.14, 15.9688, 0, 500000, 0),
(112, 1980.99, -1682.87, 17.0538, 0, 1500000, 2),
(113, 1980.38, -1718.99, 17.0304, 0, 500000, 2),
(114, 1973.3, -1654.67, 15.9688, 0, 350000, 1),
(115, 2011.38, -1594.37, 13.5834, 0, 500000, 0),
(116, 1972.92, -1559.9, 13.6396, 0, 350000, 1),
(117, 2018.05, -1629.94, 14.0426, 0, 500000, 0),
(118, 2016.54, -1641.66, 14.1129, 0, 350000, 1),
(119, 2013.58, -1656.48, 14.1363, 0, 790000, 1),
(120, 2018.24, -1703.28, 14.2344, 0, 500000, 0),
(121, 2016.2, -1716.96, 14.125, 0, 350000, 1),
(122, 1967.37, 2766.55, 10.8265, 0, 30000000, 5),
(123, 2067.05, -1731.62, 14.2066, 0, 350000, 1),
(124, 2066.24, -1717.13, 14.1363, 0, 350000, 1),
(125, 2065.1, -1703.51, 14.1484, 0, 500000, 0),
(126, 2066.74, -1656.54, 14.1328, 0, 500000, 0),
(127, 2067.56, -1643.74, 14.1363, 0, 350000, 1),
(128, 2067.7, -1629, 14.2066, 0, 500000, 0),
(129, 2143.1, -1604.71, 14.3516, 0, 1500000, 2),
(130, 2151.04, -1789.1, 13.5093, 0, 500000, 0),
(131, 2145.13, -1801.79, 16.1406, 0, 500000, 0),
(132, 2146.52, -1808.45, 16.1406, 0, 1500000, 0),
(133, 2146.47, -1815.06, 16.1406, 0, 500000, 0),
(134, 2164.82, -1819.7, 16.1406, 0, 500000, 0),
(135, 2172.4, -1819.7, 16.1406, 0, 500000, 0),
(136, 2232.79, -1785.74, 13.56, 0, 350000, 1),
(137, 2275.82, -1785.71, 13.5469, 0, 350000, 1),
(138, 2307.68, -1785.64, 13.5572, 0, 350000, 1),
(139, 2321.96, -1796.06, 13.5469, 0, 350000, 1),
(140, 2380.68, -1785.62, 13.5469, 0, 350000, 1),
(141, 2394.96, -1795.98, 13.5469, 0, 350000, 1),
(142, 2308.86, -1714.49, 14.9801, 0, 500000, 0),
(143, 2326.79, -1716.7, 14.2379, 0, 500000, 0),
(144, 2326.88, -1681.96, 14.9297, 0, 350000, 1),
(145, 2307.12, -1679.2, 14.3316, 0, 350000, 1),
(146, 2362.87, -1643.15, 14.3516, 0, 500000, 0),
(147, 2393.25, -1646.04, 13.9051, 0, 350000, 1),
(148, 2368.3, -1675.35, 14.1682, 0, 500000, 0),
(149, 2384.64, -1675.82, 15.2457, 0, 500000, 0),
(150, 2408.98, -1674.94, 14.375, 0, 500000, 0),
(151, 2413.8, -1646.79, 14.0119, 0, 500000, 0),
(152, 2451.9, -1641.41, 14.0662, 0, 350000, 1),
(153, 2469.48, -1646.35, 13.7801, 0, 500000, 0),
(154, 2486.38, -1644.53, 14.0772, 0, 350000, 1),
(155, 2524.71, -1658.59, 15.824, 0, 500000, 0),
(156, 2523.27, -1679.37, 15.497, 0, 350000, 1),
(157, 2459.45, -1691.66, 13.5458, 0, 500000, 0),
(158, 2498.52, -1642.26, 14.1131, 0, 500000, 0),
(159, 2851.85, -1366.07, 14.1708, 0, 1500000, 3),
(160, 2842.08, -1334.8, 14.7421, 0, 2500000, 3),
(161, 2847.02, -1309.84, 14.685, 0, 1500000, 2),
(162, 2808.1, -1190.89, 25.3404, 0, 350000, 1),
(163, 2808.08, -1175.91, 25.3798, 0, 1500000, 2),
(164, 2781.94, -1358.51, 26.3707, 0, 1500000, 2),
(165, 2781.94, -1333.39, 32.399, 0, 1500000, 2),
(166, 2782.15, -1306.41, 38.8819, 0, 1500000, 2),
(167, 2782.15, -1281.45, 44.3737, 0, 1500000, 2),
(168, 2809.53, -1280.99, 43.9026, 0, 1500000, 2),
(169, 2809.53, -1302.96, 38.925, 0, 1500000, 2),
(170, 2809.53, -1324.76, 33.8745, 0, 1500000, 2),
(171, 2797.86, -1245.39, 47.3786, 0, 1500000, 2),
(172, 2776.02, -1245.37, 49.5797, 0, 1500000, 2),
(173, 2750.39, -1238.72, 61.5245, 0, 350000, 1),
(174, 2750.39, -1222.23, 64.6016, 0, 350000, 1),
(175, 2750.39, -1205.72, 67.4844, 0, 350000, 1),
(176, 2756.31, -1182.81, 69.4035, 0, 2500000, 3),
(177, 2635.58, -2012.88, 14.1443, 0, 500000, 0),
(178, 2637.12, -1991.65, 14.324, 0, 500000, 0),
(179, 2652.8, -1989.43, 13.9988, 0, 500000, 0),
(180, 2672.72, -1989.47, 14.324, 0, 500000, 0),
(181, 2696.41, -1990.36, 14.2229, 0, 350000, 1),
(182, 2695.35, -2020.55, 14.0223, 0, 350000, 1),
(183, 2673.3, -2020.29, 14.1682, 0, 500000, 0),
(184, 2524.35, -1998.3, 14.1131, 0, 350000, 1),
(185, 2522.64, -2019.1, 14.0744, 0, 350000, 1),
(186, 2507.87, -2021.05, 14.2101, 0, 500000, 0),
(187, 2508.29, -1998.37, 13.9025, 0, 500000, 0),
(188, 2486.41, -2021.55, 13.9988, 0, 500000, 0),
(189, 2483.48, -1995.34, 13.8343, 0, 500000, 0),
(190, 2465.42, -2020.79, 14.1242, 0, 500000, 0),
(191, 2465.03, -1995.75, 14.0193, 0, 350000, 1),
(192, 2437.89, -2020.84, 13.9025, 0, 350000, 1),
(193, 2439.59, -1357.19, 24.1007, 0, 500000, 0),
(194, 2439.59, -1338.98, 24.1016, 0, 350000, 1),
(195, 2434.8, -1289.33, 25.3479, 0, 500000, 0),
(196, 2433.6, -1274.98, 24.7567, 0, 350000, 1),
(197, 2469.18, -1278.38, 30.3664, 0, 500000, 0),
(198, 2470.37, -1295.53, 30.2332, 0, 500000, 0),
(199, 2472.84, -1238.12, 32.5695, 0, 500000, 0),
(200, 2492.11, -1239.01, 37.9054, 0, 500000, 0),
(201, 2374.03, -1138.92, 29.0588, 0, 500000, 0),
(202, 2394.9, -1133.54, 30.7188, 0, 500000, 0),
(203, 2488.03, -1135.24, 39.5859, 0, 500000, 0),
(204, 2510.57, -1132.68, 41.6207, 0, 350000, 1),
(205, 2467.69, -1200.41, 36.8117, 0, 350000, 1),
(206, 2514.54, -1240.45, 39.3406, 0, 1500000, 2),
(207, 2551.05, -1233.8, 49.3318, 0, 500000, 0),
(208, 2550.33, -1197.53, 60.8435, 0, 350000, 1),
(209, 2627.64, -1085.13, 69.7156, 0, 500000, 0),
(210, 2628.1, -1068.03, 69.7156, 0, 500000, 0),
(211, 2625.94, -1098.74, 69.3582, 0, 350000, 1),
(212, 2625.94, -1112.72, 67.9953, 0, 350000, 1),
(213, 2579.65, -1033.2, 69.5798, 0, 500000, 0),
(214, 2562.11, -1034.4, 69.8692, 0, 500000, 0),
(215, 2549.2, -1032.23, 69.5788, 0, 500000, 0),
(216, 2526.86, -1033.52, 69.5793, 0, 500000, 0),
(217, 2512.71, -1027.16, 70.0859, 0, 500000, 0),
(218, 2534.48, -1063.36, 69.5655, 0, 500000, 0),
(219, 2526.09, -1060.75, 69.9708, 0, 500000, 0),
(220, 2499.75, -1065.55, 70.2359, 0, 500000, 0),
(221, 2479.7, -1063.92, 66.9982, 0, 500000, 0),
(222, 2457.76, -1054.66, 59.9592, 0, 500000, 0),
(223, 2491.34, -1012.35, 65.3984, 0, 500000, 0),
(224, 2462.31, -1011.11, 60.1137, 0, 500000, 0),
(225, 2439.9, -1010.88, 54.3438, 0, 500000, 0),
(226, 2440.53, -1057.34, 54.7387, 0, 500000, 0),
(227, 2389.23, -1037.07, 53.5472, 0, 500000, 0),
(228, 2576.68, -1070.71, 69.8322, 0, 350000, 1),
(229, 2572.34, -1091.81, 67.2257, 0, 350000, 1),
(230, 2519.03, -1112.96, 56.5926, 0, 500000, 0),
(231, 2470.6, -1105.32, 44.4879, 0, 500000, 0),
(232, 2456.95, -1102.48, 43.8672, 0, 350000, 1),
(233, 2438.61, -1105.79, 43.0816, 0, 350000, 1),
(234, 2407.9, -1106.97, 40.2957, 0, 500000, 0),
(235, 2287.5, -1081.05, 48.2472, 0, 500000, 0),
(236, 2278.79, -1077.43, 48.2373, 0, 500000, 0),
(237, 2249.27, -1060.26, 55.9688, 0, 500000, 0),
(238, 2218.99, -1031.86, 60.2641, 0, 500000, 0),
(239, 2208.28, -1026.69, 61.3502, 0, 500000, 0),
(240, 2186.55, -997.337, 66.4688, 0, 500000, 0),
(241, 2139.78, -1008.43, 61.9853, 0, 500000, 0),
(242, 2154.12, -979.862, 63.2934, 0, 500000, 0),
(243, 2142.66, -978.234, 61.3793, 0, 500000, 0),
(244, 2131.95, -974.016, 59.7856, 0, 500000, 0),
(245, 2122.06, -970.291, 58.2074, 0, 500000, 0),
(246, 2108.95, -1000.79, 60.5078, 0, 500000, 0),
(247, 2073.43, -965.168, 49.3915, 0, 500000, 0),
(248, 2066.26, -993.201, 48.7998, 0, 350000, 1),
(249, 2051.27, -954.69, 48.0341, 0, 350000, 1),
(250, 2049, -987.278, 44.9784, 0, 500000, 0),
(251, 2015.57, -977.574, 36.9531, 0, 1500000, 2),
(252, 2045.17, -965.83, 44.5542, 0, 1500000, 2),
(253, 2000.27, -991.589, 32.1314, 0, 1500000, 2),
(254, 1906.01, -1112.94, 26.6641, 0, 350000, 1),
(255, 1921.3, -1115.2, 27.0883, 0, 500000, 0),
(256, 1939.05, -1114.48, 27.4523, 0, 500000, 0),
(257, 1955.12, -1115.34, 27.8305, 0, 500000, 0),
(258, 2000.03, -1114.05, 27.125, 0, 700000, 1),
(259, 2022.96, -1120.26, 26.421, 0, 500000, 1),
(260, 2045.65, -1116.65, 26.3617, 0, 500000, 0),
(261, 2093.93, -1122.67, 27.6899, 0, 500000, 0),
(262, 2095.36, -1145.17, 26.5929, 0, 350000, 1),
(263, 2092.24, -1166.52, 26.5859, 0, 350000, 1),
(264, 2091.62, -1184.3, 27.0571, 0, 500000, 0),
(265, 2090.74, -1235.18, 26.0191, 0, 500000, 0),
(266, 2110.99, -1244.4, 25.8516, 0, 500000, 0),
(267, 2133.38, -1233, 24.4219, 0, 500000, 0),
(268, 2153.85, -1243.81, 25.3672, 0, 500000, 0),
(269, 2191.78, -1239.23, 24.4879, 0, 500000, 0),
(270, 2209.77, -1240.25, 24.4801, 0, 500000, 0),
(271, 2229.61, -1241.61, 25.6562, 0, 500000, 1),
(272, 2249.84, -1238.91, 25.8984, 0, 500000, 0),
(273, 2250.31, -1280.05, 25.4766, 0, 500000, 0),
(274, 2230.06, -1280.06, 25.6285, 0, 500000, 0),
(275, 2207.95, -1280.82, 25.1207, 0, 350000, 1),
(276, 2191.57, -1275.6, 25.1562, 0, 350000, 1),
(277, 2150.15, -1285.04, 24.5269, 0, 350000, 1),
(278, 2132.23, -1280.05, 25.8906, 0, 500000, 0),
(279, 2111.26, -1278.98, 25.8359, 0, 500000, 0),
(280, 2091.02, -1277.84, 26.1797, 0, 350000, 1),
(281, 2100.84, -1321.89, 25.9531, 0, 350000, 1),
(282, 2126.75, -1320.87, 26.6242, 0, 1500000, 2),
(283, 2148.6, -1320.08, 26.0738, 0, 350000, 1),
(284, 2147.61, -1366.12, 25.9723, 0, 1500000, 2),
(285, 2129.61, -1361.69, 26.1363, 0, 500000, 0),
(286, 2185.17, -1363.71, 26.1598, 0, 500000, 0),
(287, 2230.39, -1397.24, 24.5738, 0, 350000, 1),
(288, 2243.38, -1397.24, 24.5738, 0, 500000, 0),
(289, 2256.53, -1397.24, 24.5738, 0, 350000, 1),
(290, 2263.87, -1469.35, 24.3707, 0, 500000, 0),
(291, 2247.59, -1469.34, 24.4801, 0, 350000, 1),
(292, 2232.65, -1469.34, 24.5816, 0, 500000, 0),
(293, 2151.19, -1400.69, 26.1285, 0, 350000, 1),
(294, 2150.92, -1419.04, 25.9219, 0, 500000, 0),
(295, 2149.86, -1433.73, 26.0703, 0, 500000, 0),
(296, 2152.22, -1446.35, 26.1051, 0, 350000, 1),
(297, 2146.8, -1470.48, 26.0426, 0, 500000, 0),
(298, 2148.94, -1484.9, 26.624, 0, 1500000, 2),
(299, 2296.53, -1882.01, 14.2344, 0, 500000, 0),
(300, 2269.13, -1882.02, 14.2344, 0, 500000, 0),
(301, 2241.95, -1882.01, 14.2344, 0, 500000, 0),
(302, 2238.14, -1906.83, 14.9375, 0, 350000, 1),
(303, 2261.45, -1906.76, 14.9375, 0, 350000, 1),
(304, 2284.6, -1906.6, 14.9297, 0, 350000, 1),
(305, 2333.49, -1943.24, 14.9688, 0, 350000, 1),
(306, 2787.07, -1952.6, 13.5469, 0, 350000, 1),
(307, 2751.5, -1962.96, 13.5469, 0, 350000, 1),
(308, 2751.5, -1936.27, 13.5394, 0, 350000, 1),
(309, 2787.07, -1926.16, 13.5469, 0, 350000, 1),
(310, 2801.92, -1962.95, 13.5469, 0, 500000, 0),
(311, 2801.92, -1936.43, 13.5469, 0, 500000, 0),
(312, 2023.04, -1052.89, 25.5961, 0, 500000, 0),
(313, 2035.78, -1059.41, 25.6508, 0, 350000, 1),
(314, 2050.74, -1065.73, 25.7836, 0, 500000, 0),
(315, 2060.97, -1075.31, 25.6863, 0, 350000, 1),
(316, 2075.26, -1081.89, 25.6819, 0, 500000, 0),
(317, 2082.53, -1085.18, 25.687, 0, 500000, 0),
(318, 2207.43, -1100.48, 31.5547, 0, 500000, 0),
(319, 2083.06, -1039.67, 32.2095, 0, 350000, 1),
(320, 2077.32, -1057, 31.3464, 0, 350000, 1),
(321, 2105.49, -1056.04, 27.1556, 0, 500000, 0),
(322, 2101.59, -1075.84, 25.9317, 0, 500000, 0),
(323, 743.313, -509.321, 18.0129, 0, 1500000, 2),
(324, 745.195, -556.784, 18.0129, 0, 1500000, 2),
(325, 768.299, -503.483, 18.0129, 0, 1500000, 2),
(326, 766.648, -556.784, 18.0129, 0, 1500000, 2),
(327, 795.132, -506.149, 18.0129, 0, 1500000, 2),
(328, 818.233, -509.319, 18.0129, 0, 1500000, 2),
(329, 745.667, -591.084, 18.0129, 0, 1500000, 2),
(330, 2197.27, -60.7055, 28.1535, 0, 1500000, 2),
(331, 2203.11, -89.1904, 28.1535, 0, 2500000, 3),
(332, 2199.95, -37.2851, 28.1535, 0, 2500000, 3),
(333, 2245.47, -1.66091, 28.1536, 0, 1500000, 2),
(334, 2270.43, -7.50136, 28.1535, 0, 1500000, 2),
(335, 2245.39, -122.288, 28.1535, 0, 1500000, 2),
(336, 2272.33, -119.118, 28.1535, 0, 1500000, 2),
(337, 2293.83, -124.963, 28.1535, 0, 1500000, 2),
(338, 2322.31, -124.964, 28.1536, 0, 1500000, 2),
(339, 2367.36, -49.1259, 28.1535, 0, 1500000, 2),
(340, 2392.37, -54.9616, 28.1536, 0, 1500000, 2),
(341, 2415.46, -52.2834, 28.1535, 0, 1500000, 2),
(342, 2438.8, -54.9638, 28.1535, 0, 1500000, 2),
(343, 2484.49, -28.4027, 28.4416, 0, 1500000, 2),
(344, 2513.37, -28.4035, 28.4416, 0, 1500000, 2),
(345, 2509.49, 11.7621, 28.4416, 0, 1500000, 2),
(346, 2488.36, 11.7632, 28.4416, 0, 1500000, 2),
(347, 2551.22, -5.53142, 27.6756, 0, 1500000, 2),
(348, 2549.23, 25.0519, 27.6756, 0, 1500000, 2),
(349, 2551.22, 57.176, 27.6756, 0, 1500000, 2),
(350, 2551.22, 91.7359, 27.6756, 0, 1500000, 2),
(351, 2536.21, 128.987, 27.6835, 0, 1500000, 2),
(352, 2518.4, 128.988, 27.6756, 0, 1500000, 2),
(353, 2480.64, 126.992, 27.6756, 0, 1500000, 2),
(354, 2458.87, 128.987, 27.6756, 0, 1500000, 2),
(355, 2479.39, 94.398, 27.6835, 0, 1500000, 2),
(356, 2514.04, 94.3982, 27.6835, 0, 1500000, 2),
(357, 2443.85, 92.2525, 28.4416, 0, 1500000, 2),
(358, 2481.22, 64.4176, 27.6835, 0, 1500000, 2),
(359, 2446.63, 19.0083, 27.6835, 0, 1500000, 2),
(360, 2448.4, -11.0219, 27.6835, 0, 1500000, 2),
(361, 2411.22, -5.65168, 27.6835, 0, 1500000, 2),
(362, -1499.99, 1960.09, 49.0234, 0, 1500000, 2),
(363, 2373.85, -8.6779, 28.4416, 0, 1500000, 2),
(364, 2373.85, 22.0005, 28.4416, 0, 1500000, 2),
(365, 2373.85, 42.1195, 28.4416, 0, 1500000, 2),
(366, 2373.85, 71.0804, 28.4416, 0, 1500000, 2),
(367, 2398.4, 111.762, 28.4416, 0, 1500000, 2),
(368, 2364, 116.136, 28.4416, 0, 1500000, 2),
(369, 2363.99, 141.941, 28.4416, 0, 1500000, 2),
(370, 2364, 166.137, 28.4416, 0, 1500000, 2),
(371, 2363.99, 187.184, 28.4416, 0, 1500000, 2),
(372, 2323.85, 191.142, 28.4416, 0, 1500000, 2),
(373, 2323.9, 162.201, 28.4416, 0, 1500000, 2),
(374, 2323.85, 136.322, 28.4416, 0, 1500000, 2),
(375, 2323.85, 116.099, 28.4416, 0, 1500000, 2),
(376, 2269.44, 111.768, 28.4416, 0, 1500000, 2),
(377, 2249.27, 111.771, 28.4416, 0, 1500000, 2),
(378, 2203.85, 106.109, 28.4416, 0, 1500000, 2),
(379, 2236.46, 168.299, 28.1535, 0, 2500000, 3),
(380, 2257.92, 168.339, 28.1536, 0, 1500000, 2),
(381, 2285.93, 161.766, 28.4416, 0, 1500000, 2),
(382, 2203.85, 62.2114, 28.4416, 0, 1500000, 2),
(383, 1845.44, 741.293, 11.4609, 0, 1500000, 2),
(384, 1844, 718.695, 11.4683, 0, 1500000, 2),
(385, 1844.53, 690.426, 11.4531, 0, 1500000, 2),
(386, 1845.44, 661.177, 11.4609, 0, 1500000, 2),
(387, 2014.03, 775.196, 11.4609, 0, 1500000, 2),
(388, 2013.24, 730.36, 11.4531, 0, 1500000, 2),
(389, 2043.23, 776.103, 11.4531, 0, 1500000, 2),
(390, 2042.49, 731.265, 11.4609, 0, 1500000, 2),
(391, 2071.64, 776.636, 11.4605, 0, 1500000, 2),
(392, 2065.04, 729.826, 11.4683, 0, 1500000, 2),
(393, 2094.07, 775.196, 11.4531, 0, 1500000, 2),
(394, 2093.35, 730.359, 11.4531, 0, 1500000, 2),
(395, 2123.29, 776.103, 11.4453, 0, 1500000, 2),
(396, 2122.5, 731.264, 11.4609, 0, 1500000, 2),
(397, 2011.5, 695.187, 11.4609, 0, 1500000, 2),
(398, 2014.07, 650.405, 11.4609, 0, 1500000, 2),
(399, 2040.63, 696.093, 11.4531, 0, 1500000, 2),
(400, 2043.25, 651.312, 11.4609, 0, 1500000, 2),
(401, 2068.99, 696.63, 11.4683, 0, 1500000, 2),
(402, 2065.83, 649.863, 11.4683, 0, 1500000, 2),
(403, 2091.19, 695.188, 11.4609, 0, 1500000, 2),
(404, 2094.05, 650.406, 11.4609, 0, 1500000, 2),
(405, 2120.47, 696.089, 11.4531, 0, 1500000, 2),
(406, 2123.33, 651.315, 11.4609, 0, 1500000, 2),
(407, 2169.36, 772.302, 11.4609, 0, 1500000, 2),
(408, 2177.59, 736.102, 11.4609, 0, 1500000, 2),
(409, 2177.28, 690.351, 11.4609, 0, 1500000, 2),
(410, 2205.93, 736.638, 11.4683, 0, 1500000, 2),
(411, 2206.41, 691.25, 11.4609, 0, 1500000, 2),
(412, 2228.36, 735.2, 11.4609, 0, 1500000, 2),
(413, 2228.6, 689.808, 11.4605, 0, 1500000, 2),
(414, -1432.33, -1535.27, 101.756, 0, 30000000, 5),
(415, 2256.93, 690.349, 11.4531, 0, 1500000, 0),
(416, 2258.16, 655.978, 11.4531, 0, 1500000, 2),
(417, 2228.87, 655.186, 11.4609, 0, 1500000, 2),
(418, 2206.36, 656.629, 11.4683, 0, 1500000, 2),
(419, 2178.13, 655.994, 11.4609, 0, 1500000, 2),
(420, 2346.57, 736.638, 11.4683, 0, 1500000, 2),
(421, 2317.24, 690.352, 11.4609, 0, 1500000, 2),
(422, 2346.48, 691.257, 11.4609, 0, 1500000, 2),
(423, 2369.07, 735.195, 11.4609, 0, 1500000, 2),
(424, 2368.63, 689.799, 11.4605, 0, 1500000, 2),
(425, 2396.88, 690.342, 11.4531, 0, 1500000, 2),
(426, 2398.32, 736.099, 11.4609, 0, 1500000, 2),
(427, 2450.27, 742.652, 11.4609, 0, 1500000, 2),
(428, 2450.81, 714.368, 11.4683, 0, 1500000, 2),
(429, 2449.23, 689.807, 11.4609, 0, 2500000, 3),
(430, 2450.27, 662.66, 11.4609, 0, 1500000, 2),
(431, 2397.54, 656.111, 11.4609, 0, 1500000, 2),
(432, 2368.37, 655.211, 11.4609, 0, 1500000, 2),
(433, 2346.13, 656.638, 11.4605, 0, 1500000, 2),
(434, 2317.89, 656.102, 11.4531, 0, 1500000, 2),
(435, 1030.81, 1848.07, 11.4683, 0, 1500000, 2),
(436, 1030.37, 1876.4, 11.4688, 0, 1500000, 2),
(437, 983.972, 1878.89, 11.4683, 0, 1500000, 2),
(438, 985.415, 1901.09, 11.4609, 0, 1500000, 2),
(439, 1029.37, 1906.03, 11.4609, 0, 1500000, 0),
(440, 1030.81, 1928.17, 11.4683, 0, 1500000, 2),
(441, 984.713, 1930.62, 11.4688, 0, 1500000, 2),
(442, 930.81, 1928.19, 11.4683, 0, 1500000, 2),
(443, 885.413, 1980.54, 11.4609, 0, 1500000, 2),
(444, 885.415, 2047.2, 11.4609, 0, 1500000, 2),
(445, 930.807, 2027.85, 11.4683, 0, 1500000, 2),
(446, 929.064, 2006.42, 11.4609, 0, 2500000, 3),
(447, 983.972, 1978.26, 11.4683, 0, 1500000, 2),
(448, 985.414, 2000.59, 11.4609, 0, 1500000, 2),
(449, 1030.27, 1976.05, 11.4688, 0, 1500000, 2),
(450, 1029.37, 2005.62, 11.4609, 0, 1500000, 2),
(451, 984.506, 2030.1, 11.4688, 0, 1500000, 2),
(452, 1030.81, 2028.17, 11.4683, 0, 1500000, 2),
(453, 1083.96, 2031.71, 11.4683, 0, 1500000, 2),
(454, 1085.41, 2000.82, 11.4609, 0, 1500000, 2),
(455, 1084.51, 1976.64, 11.4688, 0, 1500000, 2),
(456, 1570.23, 2711.11, 10.8203, 0, 16000000, 4),
(457, 1580.29, 2708.85, 10.8265, 0, 1500000, 2),
(458, -2904.7, 1118.82, 27.0703, 0, 2500000, 3),
(459, 1564.78, 2776.63, 10.8203, 0, 2500000, 3),
(460, 1565.47, 2793.54, 10.8203, 0, 2500000, 3),
(461, 1575.68, 2844.17, 10.8203, 0, 7500000, 4),
(462, 1588.55, 2797.33, 10.8265, 0, 2500000, 3),
(463, 1618.4, 2800.79, 10.8203, 0, 1500000, 3),
(464, 1601.19, 2708.85, 10.8265, 0, 2500000, 3),
(465, 1316.47, 2524.61, 10.8203, 0, 7500000, 4),
(466, 1269.62, 2554.43, 10.8265, 0, 1500000, 2),
(467, 1271.88, 2564.39, 10.8203, 0, 2500000, 3),
(468, 1641.26, 2149.72, 11.3125, 0, 1500000, 2),
(469, 1596.41, 2147.27, 11.4609, 0, 1500000, 2),
(470, 1645.56, 2127.38, 11.2031, 0, 1500000, 2),
(471, 1595.5, 2123.18, 11.4609, 0, 1500000, 2),
(472, 1640.35, 2102.95, 11.3125, 0, 1500000, 2),
(473, 1596.41, 2093.54, 11.3125, 0, 1500000, 2),
(474, 1640.35, 2075.68, 11.3125, 0, 1500000, 2),
(475, 1594.96, 2071.13, 11.3199, 0, 1500000, 2),
(476, 1641.79, 2044.9, 11.3199, 0, 1500000, 2),
(477, 1595.5, 2038.4, 11.4688, 0, 1500000, 2),
(478, 1554.35, 2074.05, 11.3594, 0, 1500000, 2),
(479, 1550.27, 2096.28, 11.4609, 0, 1500000, 2),
(480, 1549.35, 2125.66, 11.4609, 0, 1500000, 2),
(481, 1365.42, 1974.08, 11.4609, 0, 1500000, 2),
(482, 1364.39, 2003.73, 11.4609, 0, 1500000, 2),
(483, 1365.42, 2027.95, 11.4609, 0, 1500000, 2),
(484, 1320.76, 2028.1, 11.4683, 0, 1500000, 2),
(485, 1319.28, 2005.82, 11.4609, 0, 1500000, 2),
(486, 1320.21, 1975.89, 11.4688, 0, 1500000, 2),
(487, 1309.53, 1931.25, 11.4609, 0, 1500000, 2),
(488, 1336.5, 1931.25, 11.4609, 0, 1500000, 2),
(489, 1363.96, 1931.76, 11.4683, 0, 1500000, 2),
(490, 1364.51, 1896.75, 11.4688, 0, 1500000, 2),
(491, 1408.88, 1897.02, 11.4609, 0, 1500000, 2),
(492, 1408.82, 1919.51, 11.4688, 0, 1500000, 2),
(493, 1412.48, 1951.25, 11.4531, 0, 1500000, 2),
(494, 1439.7, 1951.25, 11.4609, 0, 1500000, 2),
(495, 1462.19, 1949.81, 11.4683, 0, 1500000, 2),
(496, 1464.5, 1920.04, 11.4609, 0, 1500000, 2),
(497, 1464.5, 1895.07, 11.4609, 0, 1500000, 2),
(498, -2058.93, 889.366, 61.8567, 0, 2500000, 3),
(499, -2075.17, 898.64, 64.1328, 0, 2500000, 3),
(500, -2099.75, 897.359, 76.7109, 0, 2500000, 3),
(501, -2116.85, 927.824, 86.0791, 0, 16000000, 4),
(502, -2655.32, 985.784, 64.9913, 0, 16000000, 4),
(503, -2710.57, 967.471, 54.4609, 0, 16000000, 4),
(504, -2720.86, 923.954, 67.5938, 0, 16000000, 4),
(505, -2706.58, 864.454, 70.7031, 0, 16000000, 4),
(506, -2671.27, 927.427, 79.7031, 0, 16000000, 4),
(507, -2641.14, 935.72, 71.9531, 0, 2500000, 3),
(508, -2905.2, 1154.74, 13.6641, 0, 1300000, 3),
(509, -2905.17, 1164.72, 13.6641, 0, 2500000, 3),
(510, -2905.26, 1171.6, 13.6641, 0, 1300000, 3),
(511, -2905.1, 1178.7, 13.6641, 0, 1300000, 3),
(512, -2895.57, 1016.89, 36.8281, 0, 1500000, 2),
(513, -2899.15, 1026.73, 36.8281, 0, 800000, 2),
(514, -2901.62, 1033.51, 36.8281, 0, 2500000, 3),
(515, -2622.35, -198.11, 4.33594, 0, 1500000, 3),
(516, -2623.38, -99.4896, 7.20312, 0, 2500000, 3),
(517, -2687.9, -89.4027, 4.33594, 0, 2500000, 3),
(518, -2725.75, -92.627, 7.20312, 0, 2500000, 3),
(519, -2686.82, -188.035, 7.20312, 0, 2500000, 3),
(520, -2724.67, -191.271, 4.33594, 0, 2500000, 3),
(521, -2789.3, -181.297, 10.0625, 0, 2500000, 3),
(522, -2790.25, -82.4836, 7.19531, 0, 2500000, 3),
(523, -2789.17, -52.5779, 10.0625, 0, 2500000, 3),
(524, -2724.71, -58.0365, 4.34258, 0, 1500000, 3),
(525, -2687.88, 137.146, 4.34258, 0, 2500000, 3),
(526, -2623.3, 131.574, 7.20312, 0, 2500000, 3),
(527, -2621.04, 96.693, 5, 0, 2500000, 3),
(528, -2622.37, 71.7487, 4.33594, 0, 2500000, 3),
(529, -2689.56, 96.319, 7.20312, 0, 2500000, 3),
(530, -2689.44, 74.5148, 7.20312, 0, 2500000, 3),
(531, -2632, 274.461, 4.33477, 0, 2500000, 3),
(532, -2634.9, 239.708, 4.56547, 0, 600000, 2),
(533, -2688.95, 197.836, 7.20312, 0, 2500000, 3),
(534, -2620.7, -185.895, 7.20312, 0, 350000, 1),
(535, -2621.01, -173.289, 5, 0, 800000, 2),
(536, -2622.36, -169.535, 4.34258, 0, 350000, 1),
(537, -2619.46, -153.462, 4.33594, 0, 800000, 2),
(538, -2620.82, -146.214, 7.20312, 0, 350000, 1),
(539, -2621.01, -134.724, 5, 0, 1500000, 2),
(540, -2619.75, -127.611, 4.77178, 0, 350000, 1),
(541, -2620.74, -120.213, 7.20312, 0, 1500000, 2),
(542, -2622.36, -112.384, 4.34258, 0, 350000, 1),
(543, 300.131, -1154.34, 81.3901, 0, 30000000, 5),
(544, 352.393, -1197.93, 76.5156, 0, 16000000, 4),
(545, 416.603, -1154.02, 76.6876, 0, 2500000, 3),
(546, 470.755, -1163.57, 67.2178, 0, 2500000, 3),
(547, 497.517, -1095.07, 82.3592, 0, 30000000, 5),
(548, 559.036, -1076.46, 72.922, 0, 2500000, 3),
(549, 673.136, -1020.14, 55.7596, 0, 1500000, 2),
(550, -2724.68, -105.646, 4.34258, 0, 350000, 1),
(551, -2689.58, -101.605, 7.20312, 0, 350000, 1),
(552, -2723.02, -113.392, 7.20312, 0, 800000, 2),
(553, -2722.03, -120.752, 4.74114, 0, 350000, 1),
(554, -2689.24, -114.238, 5, 0, 1500000, 2),
(555, -2723.34, -127.893, 5, 0, 1500000, 2),
(556, -2687.9, -117.929, 4.34258, 0, 350000, 1),
(557, -2690.79, -133.865, 4.33594, 0, 1500000, 2),
(558, -2723.06, -139.394, 7.20312, 0, 350000, 1),
(559, -2721.78, -146.837, 4.33594, 0, 1500000, 2),
(560, -2689.48, -141.288, 7.20312, 0, 350000, 1),
(561, -2689.24, -152.791, 5, 0, 1500000, 2),
(562, -2724.67, -162.668, 4.34258, 0, 350000, 1),
(563, -1438.69, -1544.84, 102.258, 0, 30000000, 5),
(564, -2723.33, -166.498, 5, 0, 1500000, 2),
(565, -2689.45, -167.312, 7.20312, 0, 1500000, 2),
(566, -2723.04, -179.075, 7.20312, 0, 350000, 1),
(567, -2687.89, -175.077, 4.34258, 0, 350000, 1),
(568, -2790.24, -168.247, 7.20195, 0, 350000, 1),
(569, -2791.94, -160.474, 10.0547, 0, 1500000, 2),
(570, -2792.84, -153.092, 7.63013, 0, 350000, 1),
(571, -2791.58, -145.937, 7.85938, 0, 800000, 2),
(572, -2793.14, -127.096, 7.1875, 0, 1500000, 2),
(573, -2791.83, -134.467, 10.0547, 0, 350000, 1),
(574, -2791.59, -107.4, 7.85938, 0, 1500000, 2),
(575, -2790.25, -111.181, 7.20195, 0, 350000, 1),
(576, -2791.76, -94.7869, 10.0547, 0, 350000, 1),
(577, -2791.88, -41.8154, 10.0547, 0, 1500000, 2),
(578, -2791.59, -35.8976, 7.85938, 0, 350000, 1),
(579, -2791.8, -24.3954, 10.0547, 0, 800000, 2),
(580, -2791.58, -17.8435, 7.85938, 0, 350000, 1),
(581, -2790.25, 7.18737, 7.19531, 0, 2500000, 3),
(582, -2793.14, 11.1042, 7.43266, 0, 350000, 1),
(583, -2793.14, 21.3066, 7.1875, 0, 1500000, 2),
(584, -2523.92, 2238.84, 5.39844, 0, 20000000, 5),
(585, -2791.79, 77.5957, 10.0547, 0, 350000, 1),
(586, -2792.84, 85.0334, 7.62945, 0, 1500000, 2),
(587, -2791.59, 92.0993, 7.85938, 0, 350000, 1),
(588, -2791.82, 103.598, 10.0547, 0, 800000, 2),
(589, -2793.14, 110.951, 7.1875, 0, 350000, 1),
(590, -2791.59, 130.675, 7.85938, 0, 350000, 1),
(591, -2790.25, 126.991, 7.20195, 0, 2500000, 3),
(592, -2791.88, 143.271, 10.0547, 0, 1500000, 2),
(593, -2789.19, 183.798, 10.0625, 0, 2500000, 3),
(594, -2791.98, 194.576, 10.0547, 0, 350000, 1),
(595, -2791.6, 200.551, 7.85938, 0, 1500000, 2),
(596, -2791.94, 212.002, 10.0547, 0, 350000, 1),
(597, -2791.81, 218.814, 7.85938, 0, 350000, 1),
(598, -2634.61, 261.041, 4.76413, 0, 350000, 1),
(599, -2630.92, 252.856, 7.1875, 0, 1500000, 2),
(600, -2653.97, 200.242, 5, 0, 2500000, 3),
(601, -2660.73, 200.603, 7.19531, 0, 350000, 1),
(602, -2672.15, 200.234, 5, 0, 1500000, 2),
(603, -2678.17, 200.654, 7.19531, 0, 350000, 1),
(604, -2639.4, 168.688, 7.19531, 0, 600000, 2),
(605, -2628.02, 168.908, 5, 0, 600000, 2),
(606, -2621.98, 168.585, 7.19531, 0, 350000, 1),
(607, -2690.48, 123.729, 4.77127, 0, 350000, 1),
(608, -2686.8, 115.516, 7.19531, 0, 1500000, 2),
(609, -2690.77, 102.211, 4.57296, 0, 350000, 1),
(610, -2690.48, 64.5567, 4.77024, 0, 1500000, 2),
(611, -2689.55, 57.0851, 7.20312, 0, 350000, 1),
(612, -2723.04, 21.9048, 7.20312, 0, 2500000, 3),
(613, -2722.1, 14.4448, 4.77041, 0, 800000, 2),
(614, -2723.02, 4.48338, 7.20312, 0, 350000, 1),
(615, -2723.05, -17.3175, 7.20312, 0, 800000, 2),
(616, -2721.81, -23.3908, 4.57264, 0, 350000, 1),
(617, -2725.79, -36.6662, 7.19531, 0, 900000, 3),
(618, -2722.11, -44.7292, 4.77059, 0, 350000, 1),
(619, -2619.48, 57.5959, 4.33594, 0, 350000, 1),
(620, -2619.48, 67.8202, 4.57232, 0, 1500000, 2),
(621, -2620.72, 103.387, 7.20312, 0, 350000, 1),
(622, -2621.04, 114.819, 5, 0, 1500000, 2),
(623, -2620.71, 120.816, 7.20312, 0, 350000, 1),
(624, -2161.44, -2535.55, 31.8163, 0, 1500000, 2),
(625, -2180.92, -2520.07, 31.8163, 0, 1500000, 2),
(626, -2193.13, -2510.35, 31.8163, 0, 1500000, 2),
(627, -2224.45, -2482.97, 31.8163, 0, 1500000, 2),
(628, -2239.25, -2423.69, 32.7073, 0, 1500000, 2),
(629, -2220.39, -2399.89, 32.5823, 0, 1500000, 2),
(630, -2213.93, -2451.81, 31.8163, 0, 1500000, 2),
(631, -2173.8, -2481.53, 31.8163, 0, 500000, 2),
(632, -2132.7, -2510.98, 31.8163, 0, 1500000, 2),
(633, -2075.73, -2312.76, 31.1313, 0, 2500000, 3),
(634, -2552.35, 2266.58, 5.47552, 0, 1500000, 2),
(635, 295.212, -1764.12, 4.87011, 0, 30000000, 5),
(636, -2583.74, 2307.84, 7.00288, 0, 2500000, 3),
(637, -2583.13, 2300.28, 7.00288, 0, 2500000, 3),
(638, -2627.64, 2283.36, 8.31487, 0, 1500000, 2),
(639, -2627.64, 2292.06, 8.31487, 0, 2500000, 3),
(640, -2627.36, 2309.96, 8.31266, 0, 1500000, 2),
(641, -2627.58, 2318.67, 8.31441, 0, 1500000, 2),
(642, -2636.34, 2351.01, 8.48864, 0, 1500000, 2),
(643, -2597.31, 2364.67, 9.88299, 0, 2500000, 3),
(644, -2597.31, 2357.12, 9.88299, 0, 1500000, 2),
(645, -2632.34, 2374.88, 9.05156, 0, 1500000, 2),
(646, -2634.92, 2401.7, 11.2196, 0, 1500000, 2),
(647, -2479.9, 2449.95, 17.323, 0, 1500000, 2),
(648, -2472.31, 2451.36, 17.323, 0, 2500000, 3),
(649, -2424.71, 2449.06, 13.1391, 0, 1500000, 2),
(650, -2386.14, 2447.47, 10.1694, 0, 1500000, 2),
(651, -2379.23, 2444.64, 10.1694, 0, 1900000, 3),
(652, -2348.41, 2423.63, 7.32948, 0, 2500000, 3),
(653, -2382.08, 2406.6, 8.89207, 0, 2500000, 3),
(654, -2437.46, 2354.94, 5.44307, 0, 2500000, 3),
(655, 12.8349, 1113.67, 20.9399, 0, 350000, 1),
(656, -18.2872, 1115.67, 20.9399, 0, 350000, 1),
(657, -36.0499, 1115.67, 20.9399, 0, 350000, 1),
(658, 1.75292, 1076.16, 20.9399, 0, 350000, 1),
(659, -45.0621, 1081.08, 20.9399, 0, 350000, 1),
(660, -258.813, 1083.07, 20.9399, 0, 1500000, 2),
(661, -258.25, 1043.82, 20.9399, 0, 1500000, 2),
(662, -247.842, 1001.07, 20.9399, 0, 350000, 1),
(663, -278.759, 1003.07, 20.9399, 0, 350000, 1),
(664, -260.24, 1120.13, 20.9399, 0, 1500000, 2),
(665, -258.462, 1151.13, 20.9399, 0, 1500000, 2),
(666, -258.246, 1168.89, 20.9399, 0, 1500000, 2),
(667, -290.783, 1176.7, 20.9399, 0, 1500000, 2),
(668, -324.415, 1165.67, 20.9399, 0, 1500000, 2),
(669, -298.407, 1115.67, 20.9399, 0, 1500000, 2),
(670, -328.247, 1118.92, 20.9399, 0, 1500000, 2),
(671, -360.846, 1141.63, 20.9399, 0, 350000, 1),
(672, -362.839, 1110.67, 20.9399, 0, 350000, 1),
(673, -369.868, 1169.45, 20.2719, 0, 2500000, 3),
(674, -910.909, 2685.97, 42.3703, 0, 30000000, 5),
(675, -683.935, 939.584, 13.6328, 0, 2000000, 3),
(676, -692.329, 939.511, 13.6328, 0, 2000000, 3),
(677, 1684.52, 2123.38, 11.4609, 0, 1500000, 2),
(678, 1685.42, 2093.8, 11.4609, 0, 1500000, 2),
(679, 1680.27, 2069.24, 11.3594, 0, 1500000, 2),
(680, 1684.52, 2046.56, 11.4688, 0, 1500000, 2),
(681, 805.402, 358.363, 19.7621, 0, 500000, 0),
(682, 808.075, 372.326, 19.453, 0, 500000, 0),
(683, 783.203, 377.545, 21.2967, 0, 500000, 0),
(684, 758.915, 375.028, 23.3922, 0, 500000, 0),
(685, 751.716, 375.253, 23.3749, 0, 500000, 0),
(686, 748.431, 350.903, 20.5858, 0, 500000, 0),
(687, 772.927, 348.228, 20.1527, 0, 500000, 0),
(688, 746.393, 305.033, 20.2344, 0, 500000, 0),
(689, 719.066, 300.628, 20.3766, 0, 500000, 0),
(690, 705.349, 292.088, 20.4219, 0, 500000, 0),
(691, 723.648, 269.677, 22.4531, 0, 500000, 0),
(692, 748.197, 257.115, 27.0859, 0, 500000, 0),
(693, 747.128, 278.191, 27.2188, 0, 500000, 0),
(694, 783.939, 352.595, 19.5938, 0, 500000, 0),
(695, 342.645, 62.6877, 3.86291, 0, 500000, 0),
(696, 317.757, 54.6328, 3.375, 0, 500000, 0),
(697, 309.112, 44.4174, 3.08797, 0, 500000, 0),
(698, 286.061, 41.1444, 2.54844, 0, 500000, 0),
(699, 316.456, 18.2419, 4.51562, 0, 500000, 0),
(700, 340.039, 33.6335, 6.40814, 0, 500000, 0),
(701, 295.075, -54.5432, 2.77721, 0, 350000, 1),
(702, 271.581, -48.7522, 2.77721, 0, 350000, 1),
(703, 252.888, -92.3999, 3.53539, 0, 1500000, 2),
(704, 252.888, -121.359, 3.53539, 0, 1500000, 2),
(705, 253.494, -274.481, 1.65612, 0, 500000, 0),
(706, 255.887, -278.495, 1.65612, 0, 500000, 0),
(707, 261.981, -270.004, 1.64049, 0, 500000, 0),
(708, 264.515, -283.752, 1.72643, 0, 500000, 0),
(709, 264.514, -288.484, 1.72643, 0, 500000, 0),
(710, 260.558, -303.034, 1.91837, 0, 500000, 0),
(711, 253.25, -289.971, 1.70299, 0, 500000, 0),
(712, 242.038, -298.602, 1.68737, 0, 500000, 0),
(713, 235.123, -309.458, 1.7108, 0, 500000, 0),
(714, 226.457, -302.812, 1.92618, 0, 500000, 0),
(715, 312.722, -121.305, 3.53539, 0, 1500000, 2),
(716, 312.721, -92.3741, 3.53539, 0, 1500000, 2),
(717, 2190.31, -1487.63, 26.1051, 0, 500000, 0),
(718, 2190.44, -1470.43, 25.9141, 0, 350000, 1),
(719, 2191.1, -1455.81, 26, 0, 350000, 1),
(720, 2194.35, -1442.98, 26.0738, 0, 350000, 1),
(721, 2188.55, -1419.28, 26.1562, 0, 350000, 1),
(722, 2196.21, -1404.06, 25.9488, 0, 350000, 1),
(723, 2202.8, -1363.67, 26.191, 0, 350000, 1),
(724, 2185.31, -1608.14, 14.3594, 0, 500000, 0),
(725, 2257.12, -1643.94, 15.8082, 0, 350000, 1),
(726, 2244.5, -1637.63, 16.2379, 0, 350000, 1),
(727, 2282.31, -1641.21, 15.8898, 0, 500000, 0),
(728, 2513.74, -1650.27, 14.3557, 0, 500000, 0),
(729, 1419.47, 389.506, 19.3297, 0, 500000, 0),
(730, -347.829, -1045.66, 59.8125, 0, 2500000, 3),
(731, 1451.67, 375.751, 19.4005, 0, 350000, 1),
(732, 1447.38, 361.766, 18.9081, 0, 350000, 1),
(733, 1469.64, 351.53, 18.9268, 0, 350000, 1),
(734, 1465.74, 364.2, 19.2609, 0, 350000, 1),
(735, 1475.35, 372.74, 19.6562, 0, 350000, 1),
(736, 1488.57, 360.976, 19.413, 0, 350000, 1),
(737, 1461.15, 342.493, 18.9531, 0, 350000, 1),
(738, 2284.14, -1046.06, 49.8871, 0, 500000, 0),
(739, 2297.68, -1053.06, 49.934, 0, 500000, 0),
(740, 2319.78, -1053.33, 52.4608, 0, 500000, 0),
(741, 2335.14, -1046.01, 52.5529, 0, 350000, 1),
(742, 2351.03, -1039.78, 54.3358, 0, 500000, 0),
(743, 2355.53, -1038.58, 54.3358, 0, 500000, 0),
(744, 2370.29, -1034.55, 54.4106, 0, 500000, 0),
(745, 2145.17, -1084.63, 25.0357, 0, 350000, 1),
(746, 2140.67, -1082.54, 25.0361, 0, 350000, 1),
(747, 2108.82, -1082.35, 25.4904, 0, 500000, 0),
(748, 2091.54, -1068.16, 28.0853, 0, 500000, 0),
(749, 2099.8, -1051.72, 28.8154, 0, 350000, 1),
(750, 2093.85, -1047.38, 30.108, 0, 350000, 1),
(751, 2454.18, -965.068, 80.0731, 0, 500000, 0),
(752, 2472.4, -962.048, 80.5255, 0, 500000, 0),
(753, 2459.44, -947.701, 80.0828, 0, 350000, 1),
(754, 2499.46, -946.996, 82.4708, 0, 500000, 0),
(755, 2492.11, -965.687, 82.5489, 0, 350000, 1),
(756, 2517.86, -965.347, 82.3284, 0, 500000, 0),
(757, 2531.11, -963.295, 82.3685, 0, 350000, 1),
(758, 2552.04, -958.348, 82.6165, 0, 500000, 0),
(759, 2581.52, -969.354, 81.3646, 0, 500000, 0),
(760, 2582.83, -952.946, 81.3878, 0, 350000, 1),
(761, 2388.42, -1279.57, 25.1291, 0, 500000, 0),
(762, 2387.86, -1328.44, 25.1242, 0, 500000, 0),
(763, 2389.73, -1346.19, 25.077, 0, 500000, 0),
(764, 870.397, -24.9206, 63.986, 0, 500000, 0),
(765, 691.579, -1275.95, 13.5607, 0, 30000000, 5),
(766, 1249.66, -3232.16, 2689.99, 0, 30000000, 5),
(767, 1279.37, -3240.99, 2689.99, 0, 30000000, 5),
(768, -55.8878, -1555.69, 2.61072, 0, 1500000, 2),
(769, -91.1861, -1592.63, 3.00431, 0, 500000, 0),
(770, -102.446, -1575.96, 2.617, 0, 500000, 0),
(771, -65.0345, -1573.86, 2.61072, 0, 500000, 0),
(772, -75.316, -1598.14, 2.617, 0, 500000, 0),
(773, -287.644, 2758.11, 62.5121, 0, 500000, 0),
(774, 793.497, 1991.76, 5.79337, 0, 500000, 0),
(775, -258.073, 2782.95, 62.688, 0, 500000, 0),
(776, 2383.54, -1366.22, 24.4914, 0, 500000, 0),
(777, -89.225, -1564.5, 3.004, 0, 500000, 0),
(778, -155.184, 2759.25, 62.773, 0, 500000, 0),
(779, 671.112, -3776.19, 1052.24, 0, 30000000, 5),
(780, -232.218, 2807.61, 62.055, 0, 500000, 0),
(781, -311.477, 2726.71, 63.072, 0, 500000, 0),
(782, -165.933, 2768.25, 62.773, 0, 500000, 0),
(783, -68.715, -1545.71, 3.004, 0, 500000, 0),
(784, -2101.06, -2532.64, 31.0668, 0, 500000, 0),
(785, -44.504, -1563.09, 2.598, 0, 500000, 0),
(786, 1415.7, 324.568, 18.8438, 0, 500000, 0),
(787, -673.244, 2705.59, 70.6633, 0, 500000, 0),
(788, -76.078, -1581.19, 3.438, 0, 500000, 0),
(789, -279.505, 2721.84, 62.791, 0, 500000, 0),
(790, 2427.43, -1135.77, 34.7109, 0, 500000, 0),
(791, -275.374, 2736.39, 62.754, 0, 500000, 0),
(792, 263.59, 2895.45, 10.5314, 0, 500000, 0),
(793, -268.7, 2769.5, 61.872, 0, 500000, 0),
(794, -219.571, 2767.57, 62.791, 0, 500000, 0),
(795, -201.702, 2771.47, 62.346, 0, 500000, 0),
(796, -161.458, 2728.12, 62.208, 0, 500000, 0),
(797, -150.162, 2687.78, 62.43, 0, 500000, 0),
(798, -168.59, 2707.36, 62.537, 0, 500000, 0),
(799, -323.454, 2675.5, 63.68, 0, 500000, 0),
(800, -581.962, 2712.95, 72.047, 0, 500000, 0),
(801, -284.638, 2655.42, 62.755, 0, 500000, 0),
(802, -929.148, -519.217, 26.125, 0, 500000, 0),
(803, -624.008, 2714.62, 72.461, 0, 500000, 0),
(804, -604.046, 2716.8, 72.723, 0, 500000, 0),
(805, -607.626, -1073.89, 23.499, 0, 500000, 0),
(806, -601.217, -1065.38, 23.403, 0, 500000, 0),
(807, -594.788, -1056.88, 23.354, 0, 500000, 0),
(808, -588.798, -1048.53, 23.334, 0, 500000, 0),
(809, -582.828, -1040.2, 23.58, 0, 500000, 0),
(810, -577.208, -1031.86, 23.819, 0, 500000, 0),
(811, 1909.8, -1597.41, 14.4696, 0, 500000, 0),
(812, -940.457, -491.265, 26.364, 0, 500000, 0),
(813, -938.866, -517.913, 26.094, 0, 500000, 0),
(814, -914.346, -528.716, 26.078, 0, 500000, 0),
(815, -950.945, -531.197, 26.459, 0, 500000, 0),
(816, -940.159, -536.835, 26.766, 0, 500000, 0),
(817, -960.741, -507.625, 26.239, 0, 500000, 0),
(818, -923.654, -496.996, 26.766, 0, 500000, 0),
(819, 1332.14, -633.493, 109.135, 0, 30000000, 5),
(820, 1225.27, 2584.85, 10.8203, 0, 20000000, 5),
(821, 1898.55, -1998.06, 13.5469, 0, 500000, 0),
(822, -314.1, 1774.79, 43.6406, 0, 1, 5),
(823, 1992.57, 2764.63, 10.8203, 0, 10000000, 4),
(824, 1929.85, 2774.26, 10.8203, 0, 7500000, 4),
(825, 2018.56, 2766.54, 10.8265, 0, 7500000, 4),
(826, 2039.53, 2766.55, 10.8265, 0, 7500000, 4),
(827, 2049.66, 2764.29, 10.8203, 0, 7500000, 4),
(828, 2066.11, 2721.26, 10.8203, 0, 7500000, 3),
(829, 2037.26, 2721.67, 11.543, 0, 7500000, 4),
(830, 2018.1, 2721.95, 10.8203, 0, 3000000, 3),
(831, 1998.7, 2721.26, 10.8203, 0, 1500000, 3),
(832, 1969.89, 2721.78, 11.2989, 0, 2500000, 4),
(833, 1950.84, 2721.95, 10.8203, 0, 3000000, 3),
(834, 1931.28, 2721.26, 10.8203, 0, 1500000, 3),
(835, 2037.13, 2664.51, 10.8203, 0, 3000000, 3),
(836, 2056.56, 2665.19, 10.8203, 0, 3000000, 3),
(837, 2017.83, 2664.67, 11.2989, 0, 7500000, 4),
(838, 1989.16, 2665.19, 10.8203, 0, 3000000, 3),
(839, 1969.75, 2664.51, 10.8203, 0, 3000000, 3),
(840, 1950.58, 2664.67, 11.2989, 0, 7500000, 4),
(841, 1921.75, 2665.19, 10.8203, 0, 3000000, 3),
(842, 1802.63, 2826.29, 11.3438, 0, 500000, 0),
(843, 1799.56, 2814.96, 11.3438, 0, 500000, 0),
(844, 1796.57, 2803.6, 11.3438, 0, 500000, 0),
(845, 1738.44, 2861.55, 11.3359, 0, 500000, 0),
(846, 1748.72, 2867.59, 11.3359, 0, 500000, 0),
(847, 1760.18, 2870.87, 11.3359, 0, 500000, 0),
(848, 1772.08, 2871.25, 11.3359, 0, 500000, 0),
(849, 1783.7, 2868.58, 11.3359, 0, 500000, 0),
(850, 1794.35, 2863.27, 11.3359, 0, 500000, 0),
(851, 1731.15, 2823.51, 11.3438, 0, 500000, 0),
(852, 1734.07, 2812.13, 11.3438, 0, 500000, 0),
(853, 1737.27, 2800.84, 11.3438, 0, 500000, 0),
(854, 1746.32, 2767.29, 11.3438, 0, 500000, 0),
(855, 1749.25, 2755.92, 11.3438, 0, 500000, 0),
(856, 1752.26, 2744.57, 11.3438, 0, 500000, 0),
(857, 1787.57, 2770.06, 11.3438, 0, 500000, 0),
(858, 1784.51, 2758.72, 11.3438, 0, 500000, 0),
(859, 1781.43, 2747.39, 11.3438, 0, 500000, 0),
(860, 1901.33, -2021.27, 13.5469, 0, 500000, 0),
(861, 2066.73, -1554.09, 13.4353, 0, 500000, 0),
(862, 2072.27, -1551.33, 13.4232, 0, 500000, 0),
(863, 2072.44, -1559.31, 13.4092, 0, 500000, 0),
(864, 2066.96, -1562.05, 13.4286, 0, 500000, 0),
(865, 2073.36, -1583.03, 13.4733, 0, 500000, 0),
(866, 2065.43, -1583.36, 13.4812, 0, 500000, 0),
(867, 2076.21, -1588.67, 13.4918, 0, 500000, 0),
(868, 2068.14, -1588.87, 13.4906, 0, 500000, 0),
(869, 1863.88, -1597.28, 14.3062, 0, 1000000, 2),
(870, 1986.64, -1605, 13.5321, 0, 1000000, 2),
(871, 2002.45, -1593.96, 13.5776, 0, 1000000, 2),
(872, 1958.64, -1560.38, 13.5942, 0, 1000000, 2),
(873, 2324.36, -1218.84, 27.9766, 0, 500000, 0),
(874, 2157.1, -1709.22, 15.0859, 0, 1000000, 2),
(875, 2155.58, -1698.51, 15.0859, 0, 1000000, 2),
(876, 2140.6, -1708.31, 15.0859, 0, 1000000, 2),
(877, 2139.17, -1697.51, 15.0859, 0, 1000000, 2),
(878, 2143.62, -1662.89, 15.0859, 0, 1000000, 2),
(879, 2156.09, -1651.83, 15.0784, 0, 1000000, 2),
(880, 2351.96, -1170.67, 28.0747, 0, 500000, 0),
(881, 2334.71, -1204, 27.9766, 0, 500000, 0),
(882, 2334.58, -1234.66, 27.9766, 0, 500000, 0),
(883, 2324.37, -1249.51, 27.9766, 0, 500000, 0),
(884, 2334.58, -1266.12, 27.9693, 0, 500000, 0),
(885, 1857.05, -2040.86, 13.5469, 0, 500000, 0),
(886, 1870.76, -2021.36, 13.5469, 0, 500000, 0),
(887, 1858.71, -2040.85, 13.5469, 0, 500000, 0),
(888, 1906, -2040.85, 13.5469, 0, 500000, 0),
(889, 1907.67, -2035.05, 13.5469, 0, 500000, 0),
(890, 1895.53, -2019.69, 13.5469, 0, 500000, 0),
(891, 1898.51, -2003.84, 13.5469, 0, 500000, 0),
(892, 1864.98, -2021.33, 13.5469, 0, 500000, 0),
(893, 1913.95, -2019.67, 13.5469, 0, 500000, 0),
(894, 1866.05, -1985.45, 13.5469, 0, 500000, 0),
(895, 1866.03, -1998.09, 13.5469, 0, 500000, 0),
(896, 1900.2, -1985.4, 13.5469, 0, 500000, 0),
(897, 2151.05, -1807.95, 13.5464, 0, 500000, 0),
(898, 2155.88, -1815.22, 13.5469, 0, 1000000, 0),
(899, 2162.61, -1815.23, 13.5469, 0, 500000, 0),
(900, 2168.96, -1815.23, 13.5469, 0, 500000, 0),
(901, 2176.27, -1815.23, 13.5469, 0, 500000, 0),
(902, 2158.42, -1819.69, 16.1406, 0, 800000, 1),
(903, 2151.99, -1819.7, 16.1406, 0, 800000, 1),
(904, 2192.36, -1815.23, 13.5469, 0, 800000, 1),
(905, 280.946, -1767.07, 4.54688, 0, 16000000, 5),
(906, 767.66, 2007.61, 6.06681, 0, 500000, 0),
(907, 2433.93, -1303.42, 25.3234, 0, 1500000, 2),
(908, -2660.65, 876.866, 79.7738, 0, 5000000, 4),
(909, 790.078, 1973.95, 5.73868, 0, 500000, 0),
(910, 753.628, 1973.31, 5.69962, 0, 500000, 0),
(911, 784.232, 1954.34, 5.70743, 0, 500000, 0),
(912, 265.68, -1287.81, 74.6325, 0, 30000000, 5),
(913, -2904.27, 1101.15, 27.0703, 0, 2500000, 3),
(914, 3054.21, -378.23, 4.8938, 0, 50000000, 6),
(915, 3131.72, -378.167, 4.86605, 0, 50000000, 6),
(916, 3229.83, -377.627, 4.82898, 0, 50000000, 6),
(917, 3307.41, -377.663, 4.84484, 0, 50000000, 6),
(918, 3054.23, -352.678, 4.84845, 0, 50000000, 6),
(919, 3131.71, -352.636, 4.86735, 0, 50000000, 6),
(920, 3230.01, -352.217, 4.81418, 0, 50000000, 6),
(921, 3307.33, -352.318, 4.76888, 0, 50000000, 6),
(922, 3131.54, -580.233, 4.96414, 0, 50000000, 6),
(923, 3229.76, -579.776, 4.96425, 0, 50000000, 6),
(924, 3230.07, -555.036, 4.96406, 0, 50000000, 6),
(925, 3131.86, -555.573, 4.96433, 0, 50000000, 6),
(926, 3131.53, -175.233, 4.73433, 0, 50000000, 6),
(927, 3229.74, -174.776, 4.7344, 0, 50000000, 6),
(928, 3230.09, -150.035, 4.73431, 0, 50000000, 6),
(929, 3131.78, -150.573, 4.73429, 0, 50000000, 6),
(930, 2759.78, -1579.98, 19.1061, 0, 500000, 1),
(931, 2759.78, -1581.68, 19.1061, 0, 500000, 1),
(932, 2760.63, -1547.98, 26.1761, 0, 500000, 1),
(933, 2760.63, -1549.8, 26.1761, 0, 500000, 1),
(934, 2761.95, -1514.5, 29.3662, 0, 500000, 1),
(935, 2761.95, -1516.31, 29.3662, 0, 500000, 1),
(936, 2802.66, -1502.87, 22.5462, 0, 500000, 1),
(937, 2800.81, -1502.87, 22.5462, 0, 500000, 1),
(938, 2755.71, -1397.66, 39.3774, 0, 5000000, 3),
(939, 2801.14, -1519.51, 19.6261, 0, 500000, 1),
(940, 2802.51, -1519.51, 19.6261, 0, 500000, 1),
(941, 2755.71, -1403.24, 39.376, 0, 5000000, 3),
(942, 2756.29, -1302.59, 53.0938, 0, 1500000, 2),
(943, 2755.85, -1276.45, 56.5938, 0, 1500000, 2),
(944, 2777.24, -1581.6, 17.806, 0, 500000, 1),
(945, 2777.24, -1580.02, 17.806, 0, 500000, 1),
(946, 2777.26, -1549.68, 22.4661, 0, 500000, 1),
(947, 2777.26, -1548.21, 22.4661, 0, 500000, 1),
(948, 2778.55, -1516, 25.7561, 0, 500000, 1),
(949, 2778.55, -1514.45, 25.7561, 0, 500000, 1),
